################################################################################################################################
#                 Average Displacement                Sample Size                                   SE (1SD)                SE (1SD) of              SE (2SD)                SE (2SD) of       #
#              --------------------------       ---------------------      Average        --------------------------          Average        --------------------------          Average       #
#       CA     x-axis    y-axis    z-axis       x         y         z    Displacement     x-axis    y-axis    z-axis    Displacement vector  x-axis    y-axis    z-axis    Displacement vector #
################################################################################################################################
        1    0.003    0.000   -0.001       10       10       10        0.003      0.003      0.002      0.003        0.003      0.006      0.005      0.006        0.006
        2    0.001   -0.001    0.006       10       10       10        0.006      0.003      0.002      0.003        0.003      0.005      0.005      0.007        0.007
        3   -0.002    0.004   -0.002       10       10       10        0.005      0.003      0.004      0.001        0.003      0.006      0.007      0.003        0.007
        4   -0.004    0.000   -0.001       10       10       10        0.004      0.003      0.003      0.003        0.003      0.005      0.005      0.006        0.005
        5   -0.006    0.004   -0.002       10       10       10        0.007      0.002      0.003      0.002        0.002      0.003      0.006      0.005        0.004
        6   -0.005    0.006   -0.002       10       10       10        0.008      0.001      0.003      0.002        0.002      0.002      0.005      0.004        0.004
        7   -0.003   -0.005   -0.001       10       10       10        0.006      0.002      0.001      0.003        0.001      0.003      0.002      0.005        0.002
        8    0.005    0.001   -0.002       10       10       10        0.006      0.002      0.002      0.003        0.002      0.004      0.004      0.006        0.005
        9    0.000    0.002   -0.002       10       10       10        0.003      0.003      0.002      0.002        0.002      0.006      0.005      0.005        0.005
       10    0.003   -0.000   -0.000       10       10       10        0.003      0.003      0.003      0.003        0.003      0.006      0.005      0.006        0.006
       11    0.004   -0.003   -0.006       10       10       10        0.008      0.003      0.001      0.001        0.002      0.006      0.002      0.003        0.004
       12    0.000   -0.005   -0.000       10       10       10        0.005      0.003      0.001      0.002        0.001      0.006      0.002      0.004        0.002
       13   -0.003   -0.002   -0.002       10       10       10        0.004      0.004      0.002      0.002        0.003      0.007      0.004      0.004        0.006
       14   -0.000    0.002    0.001       10       10       10        0.003      0.003      0.003      0.003        0.003      0.007      0.005      0.007        0.006
       15   -0.002   -0.003   -0.001       10       10       10        0.004      0.002      0.002      0.002        0.002      0.005      0.005      0.005        0.005
       16   -0.003   -0.003   -0.002       10       10       10        0.005      0.004      0.002      0.003        0.003      0.008      0.004      0.006        0.006
       17   -0.001    0.001    0.000       10       10       10        0.001      0.002      0.004      0.003        0.003      0.005      0.007      0.005        0.006
       18   -0.001   -0.001    0.003       10       10       10        0.003      0.003      0.003      0.004        0.004      0.006      0.006      0.008        0.008
       19    0.001    0.001   -0.002       10       10       10        0.002      0.003      0.003      0.002        0.003      0.005      0.006      0.005        0.005
       20    0.001    0.003   -0.003       10       10       10        0.004      0.003      0.003      0.002        0.002      0.005      0.005      0.005        0.005
       21    0.004    0.002    0.002       10       10       10        0.005      0.004      0.003      0.002        0.003      0.007      0.006      0.005        0.007
       22    0.002   -0.000   -0.000       10       10       10        0.002      0.003      0.002      0.002        0.003      0.007      0.005      0.005        0.007
       23    0.003   -0.001   -0.002       10       10       10        0.004      0.003      0.003      0.002        0.002      0.005      0.006      0.004        0.005
       24   -0.000    0.000   -0.001       10       10       10        0.001      0.004      0.003      0.002        0.002      0.008      0.006      0.004        0.005
       25   -0.000   -0.003   -0.001       10       10       10        0.003      0.003      0.001      0.003        0.001      0.007      0.002      0.006        0.002
       26    0.002   -0.001    0.000       10       10       10        0.002      0.003      0.002      0.003        0.003      0.005      0.005      0.005        0.005
       27    0.003   -0.001   -0.002       10       10       10        0.004      0.003      0.003      0.002        0.003      0.006      0.005      0.004        0.005
       28    0.007   -0.001   -0.002       10       10       10        0.008      0.003      0.002      0.003        0.003      0.006      0.005      0.005        0.006
       29    0.000   -0.003    0.001       10       10       10        0.003      0.002      0.002      0.002        0.002      0.005      0.004      0.005        0.004
       30    0.001    0.000    0.001       10       10       10        0.002      0.002      0.003      0.003        0.002      0.004      0.007      0.007        0.005
       31   -0.002    0.005    0.001       10       10       10        0.005      0.002      0.003      0.003        0.003      0.005      0.006      0.007        0.006
       32    0.001   -0.002    0.000       10       10       10        0.002      0.003      0.002      0.002        0.002      0.006      0.004      0.004        0.004
       33   -0.000   -0.001   -0.001       10       10       10        0.001      0.003      0.002      0.002        0.002      0.007      0.004      0.004        0.004
       34    0.005   -0.001   -0.002       10       10       10        0.006      0.003      0.002      0.003        0.003      0.006      0.004      0.005        0.006
       35   -0.004   -0.004   -0.000       10       10       10        0.006      0.003      0.002      0.002        0.002      0.005      0.004      0.004        0.005
       36    0.005    0.002    0.000       10       10       10        0.005      0.003      0.003      0.002        0.003      0.006      0.006      0.005        0.006
       37   -0.001   -0.004   -0.000       10       10       10        0.004      0.003      0.002      0.003        0.002      0.005      0.004      0.005        0.004
       38   -0.007   -0.003   -0.002       10       10       10        0.007      0.002      0.002      0.002        0.002      0.005      0.004      0.004        0.005
       39    0.004   -0.002   -0.004       10       10       10        0.006      0.003      0.003      0.002        0.003      0.006      0.005      0.004        0.005
       40   -0.001    0.002    0.006       10       10       10        0.006      0.002      0.003      0.004        0.004      0.003      0.006      0.008        0.007
       41   -0.002    0.003    0.003       10       10       10        0.005      0.001      0.003      0.003        0.003      0.002      0.006      0.006        0.005
       42   -0.001   -0.003   -0.000       10       10       10        0.003      0.003      0.001      0.002        0.002      0.006      0.003      0.005        0.004
       43   -0.001    0.004   -0.000       10       10       10        0.004      0.003      0.003      0.003        0.003      0.006      0.005      0.005        0.005
       44    0.003   -0.005   -0.000       10       10       10        0.006      0.004      0.001      0.003        0.002      0.007      0.002      0.006        0.005
       45   -0.003    0.000   -0.004       10       10       10        0.005      0.003      0.003      0.002        0.002      0.006      0.006      0.004        0.005
       46    0.001    0.004   -0.000       10       10       10        0.005      0.003      0.004      0.003        0.004      0.005      0.007      0.007        0.007
       47   -0.005   -0.002   -0.005       10       10       10        0.007      0.001      0.003      0.001        0.001      0.002      0.006      0.002        0.002
       48   -0.003   -0.005    0.002       10       10       10        0.006      0.002      0.001      0.004        0.002      0.005      0.002      0.007        0.004
       49   -0.002   -0.001    0.003       10       10       10        0.004      0.002      0.003      0.003        0.003      0.004      0.006      0.006        0.005
       50    0.002   -0.001   -0.001       10       10       10        0.003      0.003      0.003      0.003        0.003      0.006      0.005      0.006        0.006
       51    0.002   -0.003    0.002       10       10       10        0.004      0.003      0.002      0.003        0.003      0.006      0.005      0.007        0.005
       52    0.001    0.002    0.001       10       10       10        0.002      0.003      0.004      0.002        0.004      0.006      0.008      0.005        0.007
       53   -0.000   -0.003    0.001       10       10       10        0.003      0.003      0.002      0.003        0.002      0.005      0.004      0.006        0.004
       54   -0.003    0.002    0.002       10       10       10        0.004      0.002      0.003      0.003        0.003      0.005      0.006      0.007        0.005
       55   -0.003   -0.003    0.003       10       10       10        0.005      0.002      0.002      0.003        0.003      0.004      0.004      0.006        0.005
       56   -0.001   -0.002    0.001       10       10       10        0.002      0.002      0.003      0.003        0.003      0.005      0.006      0.005        0.006
       57    0.002    0.001   -0.002       10       10       10        0.003      0.003      0.003      0.003        0.003      0.006      0.006      0.006        0.006
       58    0.003   -0.001   -0.001       10       10       10        0.004      0.003      0.002      0.003        0.003      0.005      0.004      0.007        0.005
       59   -0.003   -0.000   -0.005       10       10       10        0.005      0.003      0.003      0.001        0.002      0.006      0.006      0.003        0.004
       60   -0.001    0.003    0.001       10       10       10        0.004      0.004      0.003      0.003        0.003      0.008      0.005      0.006        0.006
       61   -0.003    0.005   -0.003       10       10       10        0.007      0.002      0.003      0.003        0.003      0.004      0.006      0.006        0.005
       62   -0.003    0.003   -0.003       10       10       10        0.005      0.003      0.002      0.002        0.002      0.006      0.005      0.003        0.005
       63    0.001   -0.002   -0.000       10       10       10        0.002      0.003      0.003      0.003        0.003      0.006      0.005      0.005        0.005
       64   -0.004    0.003   -0.000       10       10       10        0.005      0.003      0.003      0.002        0.003      0.006      0.005      0.005        0.006
       65    0.000   -0.000    0.000       10       10       10        0.001      0.003      0.003      0.003        0.003      0.005      0.006      0.005        0.006
       66   -0.000    0.006    0.000       10       10       10        0.006      0.003      0.003      0.003        0.003      0.006      0.005      0.006        0.005
       67    0.001    0.002   -0.001       10       10       10        0.002      0.003      0.003      0.003        0.003      0.007      0.006      0.005        0.006
       68    0.001   -0.003    0.002       10       10       10        0.004      0.003      0.002      0.004        0.002      0.005      0.004      0.007        0.005
       69    0.005    0.003   -0.000       10       10       10        0.006      0.003      0.004      0.003        0.003      0.006      0.007      0.005        0.007
       70   -0.002   -0.003    0.002       10       10       10        0.004      0.002      0.002      0.003        0.003      0.004      0.004      0.007        0.005
       71    0.002    0.002   -0.003       10       10       10        0.004      0.003      0.003      0.003        0.003      0.006      0.007      0.005        0.006
       72   -0.003    0.002    0.001       10       10       10        0.004      0.003      0.002      0.003        0.003      0.006      0.005      0.006        0.006
       73   -0.003   -0.004    0.003       10       10       10        0.006      0.002      0.002      0.003        0.002      0.005      0.005      0.006        0.005
       74    0.002    0.009   -0.004       10       10       10        0.009      0.002      0.003      0.002        0.003      0.005      0.007      0.004        0.006
       75    0.006    0.004   -0.002       10       10       10        0.008      0.004      0.003      0.002        0.003      0.007      0.006      0.003        0.007
       76    0.004   -0.002    0.002       10       10       10        0.005      0.003      0.002      0.002        0.003      0.007      0.004      0.005        0.006
       77    0.004   -0.002    0.004       10       10       10        0.006      0.002      0.002      0.003        0.003      0.005      0.005      0.007        0.006
       78   -0.003   -0.000   -0.002       10       10       10        0.003      0.002      0.003      0.002        0.002      0.004      0.006      0.004        0.004
       79   -0.006   -0.003   -0.001       10       10       10        0.007      0.001      0.002      0.002        0.002      0.003      0.004      0.005        0.003
       80    0.003    0.000    0.001       10       10       10        0.003      0.003      0.003      0.003        0.003      0.006      0.006      0.005        0.006
       81    0.002   -0.002    0.000       10       10       10        0.002      0.002      0.004      0.003        0.003      0.004      0.007      0.006        0.006
       82    0.000   -0.003    0.001       10       10       10        0.004      0.003      0.001      0.004        0.002      0.006      0.003      0.007        0.004
       83    0.007    0.001    0.002       10       10       10        0.007      0.003      0.002      0.003        0.003      0.005      0.005      0.006        0.005
       84   -0.000   -0.000   -0.003       10       10       10        0.003      0.003      0.002      0.003        0.003      0.005      0.004      0.006        0.006
       85   -0.001   -0.001   -0.003       10       10       10        0.003      0.002      0.003      0.002        0.002      0.003      0.006      0.003        0.003
       86    0.002   -0.003    0.002       10       10       10        0.004      0.003      0.002      0.003        0.002      0.007      0.004      0.005        0.005
       87   -0.005    0.002   -0.006       10       10       10        0.008      0.001      0.002      0.001        0.001      0.003      0.005      0.002        0.003
       88    0.001    0.007    0.002       10       10       10        0.007      0.004      0.003      0.003        0.003      0.008      0.005      0.006        0.005
       89   -0.001   -0.001   -0.003       10       10       10        0.003      0.002      0.003      0.002        0.002      0.004      0.006      0.004        0.004
       90   -0.001    0.001   -0.000       10       10       10        0.001      0.002      0.003      0.002        0.003      0.004      0.007      0.005        0.006
       91   -0.002    0.002    0.000       10       10       10        0.003      0.001      0.003      0.003        0.002      0.003      0.006      0.006        0.004
       92   -0.000   -0.001    0.001       10       10       10        0.002      0.002      0.003      0.003        0.003      0.004      0.006      0.006        0.006
       93   -0.003    0.002    0.002       10       10       10        0.004      0.001      0.003      0.004        0.003      0.002      0.007      0.007        0.005
       94    0.008    0.001    0.007       10       10       10        0.011      0.003      0.003      0.003        0.003      0.006      0.006      0.006        0.006
       95   -0.001   -0.003   -0.003       10       10       10        0.004      0.003      0.002      0.002        0.002      0.005      0.005      0.004        0.005
       96   -0.002   -0.001    0.000       10       10       10        0.002      0.003      0.003      0.002        0.003      0.006      0.005      0.005        0.006
       97    0.000    0.004   -0.001       10       10       10        0.004      0.003      0.003      0.002        0.003      0.006      0.007      0.005        0.007
       98   -0.000    0.001    0.003       10       10       10        0.003      0.002      0.003      0.004        0.003      0.003      0.006      0.007        0.007
       99   -0.002   -0.000    0.006       10       10       10        0.007      0.002      0.003      0.003        0.003      0.005      0.005      0.006        0.006
      100   -0.002   -0.003    0.005       10       10       10        0.007      0.003      0.002      0.003        0.003      0.007      0.004      0.006        0.006
      101   -0.001   -0.003   -0.002       10       10       10        0.004      0.003      0.002      0.002        0.002      0.005      0.004      0.004        0.004
      102    0.003   -0.001    0.001       10       10       10        0.004      0.002      0.003      0.003        0.003      0.005      0.005      0.007        0.005
      103   -0.002   -0.006    0.002       10       10       10        0.007      0.003      0.001      0.003        0.002      0.006      0.003      0.006        0.004
      104    0.000   -0.005    0.006       10       10       10        0.008      0.003      0.002      0.003        0.003      0.006      0.004      0.006        0.005
      105   -0.002    0.004   -0.001       10       10       10        0.005      0.002      0.003      0.002        0.003      0.003      0.007      0.004        0.006
      106    0.001   -0.002   -0.003       10       10       10        0.003      0.003      0.004      0.002        0.003      0.005      0.007      0.003        0.005
      107    0.002   -0.001    0.000       10       10       10        0.003      0.004      0.002      0.003        0.003      0.007      0.005      0.005        0.007
      108   -0.001    0.000    0.004       10       10       10        0.004      0.002      0.003      0.003        0.003      0.004      0.006      0.005        0.005
      109    0.001   -0.002    0.003       10       10       10        0.004      0.003      0.003      0.004        0.003      0.006      0.005      0.007        0.006
      110    0.000   -0.003    0.000       10       10       10        0.003      0.003      0.003      0.003        0.003      0.005      0.005      0.007        0.005
      111   -0.000    0.002   -0.004       10       10       10        0.004      0.003      0.002      0.002        0.002      0.005      0.005      0.004        0.004
      112   -0.005    0.001   -0.005       10       10       10        0.007      0.001      0.003      0.001        0.001      0.002      0.005      0.002        0.002
      113   -0.003    0.004   -0.001       10       10       10        0.005      0.002      0.002      0.002        0.002      0.004      0.005      0.005        0.004
      114   -0.005   -0.002    0.001       10       10       10        0.005      0.001      0.003      0.004        0.002      0.003      0.005      0.007        0.004
      115   -0.001   -0.002    0.003       10       10       10        0.004      0.002      0.002      0.003        0.003      0.004      0.004      0.007        0.006
      116   -0.003   -0.002   -0.003       10       10       10        0.005      0.003      0.002      0.002        0.003      0.007      0.005      0.004        0.005
      117    0.002    0.006   -0.003       10       10       10        0.007      0.003      0.003      0.002        0.003      0.006      0.006      0.005        0.005
      118   -0.004   -0.000   -0.001       10       10       10        0.004      0.003      0.003      0.003        0.003      0.006      0.006      0.006        0.006
      119   -0.004    0.002   -0.000       10       10       10        0.004      0.002      0.003      0.003        0.002      0.003      0.006      0.006        0.004
      120    0.001    0.003    0.000       10       10       10        0.003      0.002      0.003      0.004        0.003      0.005      0.005      0.008        0.005
      121    0.000   -0.003    0.005       10       10       10        0.006      0.002      0.003      0.003        0.003      0.004      0.005      0.006        0.006
      122    0.006    0.001   -0.001       10       10       10        0.006      0.004      0.002      0.002        0.004      0.008      0.004      0.005        0.008
      123   -0.001    0.001   -0.003       10       10       10        0.004      0.002      0.003      0.002        0.002      0.005      0.005      0.004        0.004
      124   -0.000    0.001    0.003       10       10       10        0.003      0.003      0.003      0.004        0.004      0.006      0.006      0.008        0.007
      125    0.004   -0.003    0.001       10       10       10        0.005      0.003      0.002      0.002        0.003      0.006      0.004      0.003        0.005
      126    0.004    0.003   -0.001       10       10       10        0.005      0.004      0.002      0.005        0.003      0.007      0.005      0.010        0.006
      127    0.007   -0.001    0.001       10       10       10        0.007      0.003      0.003      0.003        0.003      0.007      0.006      0.006        0.007
      128    0.001   -0.001   -0.003       10       10       10        0.003      0.003      0.002      0.002        0.002      0.005      0.004      0.004        0.004
      129   -0.002   -0.003   -0.004       10       10       10        0.006      0.002      0.002      0.001        0.001      0.003      0.004      0.002        0.003
      130   -0.000   -0.002    0.006       10       10       10        0.006      0.003      0.003      0.003        0.003      0.005      0.006      0.006        0.006
      131   -0.001    0.004   -0.000       10       10       10        0.004      0.003      0.003      0.003        0.003      0.007      0.006      0.006        0.006
      132    0.005    0.004   -0.002       10       10       10        0.007      0.003      0.003      0.002        0.003      0.007      0.007      0.003        0.006
      133    0.002    0.000    0.005       10       10       10        0.005      0.003      0.003      0.003        0.003      0.006      0.005      0.006        0.006
      134   -0.001    0.001    0.002       10       10       10        0.003      0.003      0.003      0.003        0.003      0.006      0.006      0.006        0.006
      135    0.004   -0.002    0.002       10       10       10        0.005      0.003      0.003      0.003        0.003      0.006      0.006      0.006        0.006
      136    0.002   -0.005   -0.000       10       10       10        0.005      0.002      0.001      0.002        0.001      0.004      0.002      0.004        0.003
      137   -0.002    0.003    0.004       10       10       10        0.006      0.002      0.003      0.003        0.003      0.005      0.007      0.007        0.006
      138   -0.003    0.004   -0.004       10       10       10        0.006      0.002      0.003      0.002        0.003      0.005      0.006      0.004        0.005
      139    0.006   -0.002   -0.002       10       10       10        0.007      0.003      0.002      0.003        0.003      0.006      0.004      0.006        0.006
      140   -0.001    0.007   -0.004       10       10       10        0.008      0.003      0.003      0.003        0.003      0.006      0.006      0.007        0.006
      141    0.001    0.003    0.002       10       10       10        0.004      0.003      0.003      0.003        0.003      0.006      0.006      0.006        0.006
      142    0.005   -0.001    0.002       10       10       10        0.005      0.003      0.003      0.003        0.003      0.006      0.006      0.005        0.006
      143    0.000    0.003    0.006       10       10       10        0.007      0.003      0.003      0.003        0.003      0.006      0.007      0.006        0.006
      144   -0.001   -0.001   -0.000       10       10       10        0.002      0.003      0.002      0.002        0.003      0.005      0.004      0.005        0.005
      145   -0.004    0.001    0.002       10       10       10        0.005      0.002      0.003      0.003        0.002      0.004      0.005      0.006        0.005
      146   -0.003   -0.001   -0.001       10       10       10        0.004      0.002      0.002      0.002        0.002      0.004      0.004      0.005        0.004
      147    0.001   -0.001   -0.001       10       10       10        0.002      0.002      0.003      0.003        0.003      0.003      0.006      0.006        0.006
      148   -0.000   -0.000   -0.003       10       10       10        0.003      0.003      0.003      0.001        0.001      0.006      0.005      0.003        0.003
      149   -0.002   -0.005   -0.002       10       10       10        0.005      0.002      0.001      0.003        0.001      0.004      0.002      0.006        0.003
      150   -0.004   -0.001   -0.003       10       10       10        0.005      0.002      0.002      0.002        0.002      0.004      0.004      0.004        0.004
      151    0.001   -0.007    0.001       10       10       10        0.007      0.003      0.001      0.003        0.001      0.006      0.002      0.005        0.002
      152    0.002   -0.001    0.002       10       10       10        0.003      0.003      0.003      0.003        0.003      0.006      0.005      0.006        0.006
      153   -0.001   -0.001   -0.005       10       10       10        0.006      0.002      0.002      0.001        0.001      0.004      0.003      0.003        0.003
      154    0.001   -0.003   -0.001       10       10       10        0.003      0.003      0.002      0.002        0.002      0.006      0.004      0.003        0.004
      155    0.001   -0.001   -0.001       10       10       10        0.002      0.003      0.002      0.002        0.002      0.005      0.004      0.005        0.004
      156    0.002    0.003    0.002       10       10       10        0.004      0.003      0.004      0.003        0.003      0.007      0.007      0.005        0.007
      157    0.004   -0.004    0.001       10       10       10        0.006      0.003      0.001      0.003        0.002      0.006      0.003      0.006        0.004
      158    0.005    0.001   -0.001       10       10       10        0.006      0.003      0.003      0.003        0.003      0.006      0.005      0.006        0.006
      159    0.009   -0.001    0.001       10       10       10        0.009      0.003      0.002      0.003        0.003      0.005      0.005      0.006        0.005
      160    0.003    0.004    0.002       10       10       10        0.005      0.003      0.003      0.004        0.003      0.005      0.005      0.007        0.006
      161   -0.008   -0.002    0.000       10       10       10        0.008      0.002      0.002      0.002        0.002      0.004      0.003      0.005        0.004
      162    0.001    0.009    0.002       10       10       10        0.009      0.003      0.003      0.002        0.003      0.006      0.005      0.005        0.005
      163   -0.002   -0.004   -0.004       10       10       10        0.006      0.002      0.001      0.002        0.002      0.004      0.002      0.003        0.003
      164   -0.001    0.004   -0.003       10       10       10        0.005      0.002      0.003      0.002        0.002      0.005      0.006      0.003        0.005
      165    0.004    0.004    0.002       10       10       10        0.007      0.004      0.003      0.003        0.003      0.007      0.007      0.005        0.007
      166   -0.002   -0.004    0.004       10       10       10        0.006      0.003      0.002      0.003        0.003      0.006      0.003      0.006        0.005
      167   -0.003    0.000   -0.001       10       10       10        0.003      0.003      0.003      0.002        0.002      0.005      0.005      0.003        0.005
      168   -0.006   -0.001   -0.000       10       10       10        0.006      0.002      0.002      0.003        0.002      0.005      0.005      0.005        0.005
      169    0.001    0.001    0.001       10       10       10        0.002      0.003      0.002      0.003        0.002      0.005      0.005      0.005        0.005
      170   -0.000    0.001   -0.005       10       10       10        0.005      0.004      0.003      0.003        0.003      0.007      0.006      0.006        0.006
      171   -0.002   -0.002   -0.001       10       10       10        0.003      0.002      0.003      0.002        0.003      0.005      0.006      0.004        0.005
      172    0.002    0.003   -0.005       10       10       10        0.006      0.003      0.003      0.002        0.002      0.005      0.006      0.003        0.004
      173    0.004    0.002   -0.000       10       10       10        0.005      0.003      0.003      0.003        0.003      0.006      0.006      0.006        0.006
      174    0.003   -0.000    0.002       10       10       10        0.003      0.003      0.003      0.003        0.003      0.006      0.006      0.006        0.006
      175    0.002   -0.004    0.005       10       10       10        0.007      0.002      0.002      0.003        0.003      0.004      0.005      0.006        0.006
      176   -0.001   -0.005    0.003       10       10       10        0.006      0.003      0.001      0.002        0.001      0.005      0.002      0.005        0.003
      177    0.002   -0.002   -0.002       10       10       10        0.004      0.003      0.001      0.002        0.002      0.007      0.003      0.004        0.005
      178   -0.003   -0.005   -0.003       10       10       10        0.006      0.001      0.001      0.001        0.001      0.002      0.001      0.003        0.002
      179   -0.003    0.003   -0.000       10       10       10        0.004      0.002      0.003      0.002        0.003      0.005      0.006      0.005        0.005
      180   -0.000    0.003   -0.001       10       10       10        0.003      0.003      0.003      0.003        0.003      0.005      0.007      0.006        0.007
      181    0.005    0.001    0.005       10       10       10        0.007      0.003      0.003      0.003        0.003      0.007      0.006      0.005        0.006
      182    0.002    0.000    0.002       10       10       10        0.003      0.002      0.003      0.003        0.003      0.004      0.006      0.007        0.006
      183    0.000    0.001    0.003       10       10       10        0.004      0.001      0.003      0.004        0.004      0.002      0.005      0.007        0.007
      184    0.003   -0.003   -0.001       10       10       10        0.004      0.004      0.002      0.002        0.003      0.007      0.003      0.004        0.006
      185    0.002    0.001    0.004       10       10       10        0.005      0.003      0.003      0.004        0.004      0.005      0.006      0.008        0.007
      186   -0.002    0.001   -0.001       10       10       10        0.002      0.002      0.003      0.002        0.002      0.003      0.006      0.004        0.004
      187    0.002   -0.002   -0.003       10       10       10        0.004      0.003      0.003      0.003        0.003      0.006      0.007      0.006        0.006
      188    0.002    0.002   -0.004       10       10       10        0.005      0.003      0.003      0.002        0.002      0.006      0.006      0.003        0.004
      189    0.004   -0.001    0.002       10       10       10        0.004      0.005      0.002      0.003        0.004      0.009      0.003      0.006        0.008
      190    0.001   -0.002    0.001       10       10       10        0.002      0.004      0.002      0.002        0.002      0.007      0.005      0.005        0.005
      191    0.002   -0.001    0.002       10       10       10        0.003      0.003      0.002      0.002        0.002      0.005      0.004      0.005        0.005
      192    0.001   -0.000    0.003       10       10       10        0.003      0.002      0.002      0.003        0.003      0.005      0.004      0.007        0.006
      193    0.005    0.003   -0.001       10       10       10        0.006      0.003      0.002      0.003        0.003      0.006      0.005      0.006        0.005
      194    0.001   -0.000    0.000       10       10       10        0.001      0.003      0.003      0.003        0.003      0.005      0.005      0.006        0.005
      195    0.001   -0.003    0.000       10       10       10        0.003      0.003      0.001      0.003        0.002      0.006      0.003      0.005        0.003
      196   -0.000    0.005   -0.000       10       10       10        0.005      0.002      0.003      0.003        0.003      0.003      0.007      0.006        0.007
      197   -0.003    0.004    0.003       10       10       10        0.005      0.002      0.003      0.003        0.003      0.003      0.006      0.005        0.005
      198   -0.001   -0.001    0.000       10       10       10        0.001      0.002      0.002      0.002        0.002      0.005      0.005      0.005        0.005
      199    0.003   -0.004   -0.000       10       10       10        0.005      0.003      0.002      0.002        0.002      0.006      0.003      0.004        0.005
      200   -0.001    0.005    0.001       10       10       10        0.005      0.002      0.003      0.004        0.003      0.004      0.005      0.008        0.006
      201    0.004   -0.004   -0.000       10       10       10        0.005      0.003      0.004      0.002        0.004      0.007      0.007      0.004        0.007
      202   -0.003   -0.001   -0.001       10       10       10        0.003      0.002      0.002      0.002        0.002      0.005      0.005      0.004        0.005
      203    0.008    0.004   -0.002       10       10       10        0.009      0.003      0.003      0.002        0.003      0.006      0.006      0.005        0.006
      204    0.003   -0.005   -0.005       10       10       10        0.008      0.003      0.001      0.002        0.002      0.005      0.002      0.003        0.003
      205    0.001   -0.001    0.000       10       10       10        0.001      0.003      0.003      0.003        0.003      0.006      0.006      0.007        0.006
      206    0.000    0.003   -0.004       10       10       10        0.005      0.003      0.003      0.002        0.002      0.005      0.007      0.003        0.004
      207   -0.001    0.001   -0.000       10       10       10        0.002      0.002      0.003      0.003        0.003      0.005      0.006      0.006        0.005
      208    0.006   -0.002    0.000       10       10       10        0.006      0.004      0.002      0.003        0.004      0.008      0.003      0.005        0.007
      209    0.003   -0.004   -0.000       10       10       10        0.005      0.003      0.002      0.003        0.003      0.007      0.004      0.007        0.005
      210    0.002    0.005    0.001       10       10       10        0.006      0.003      0.003      0.003        0.003      0.007      0.006      0.005        0.007
      211    0.001   -0.003   -0.000       10       10       10        0.003      0.002      0.003      0.003        0.003      0.005      0.006      0.005        0.006
      212    0.003    0.001    0.006       10       10       10        0.007      0.003      0.003      0.002        0.003      0.006      0.006      0.005        0.005
      213    0.002   -0.002   -0.000       10       10       10        0.003      0.003      0.002      0.003        0.003      0.006      0.004      0.007        0.005
      214   -0.003    0.002    0.001       10       10       10        0.004      0.001      0.003      0.003        0.002      0.003      0.006      0.006        0.004
      215    0.000   -0.002   -0.004       10       10       10        0.005      0.001      0.002      0.002        0.002      0.003      0.004      0.005        0.005
      216    0.003    0.003    0.003       10       10       10        0.005      0.003      0.003      0.003        0.003      0.007      0.006      0.007        0.007
      217   -0.004   -0.002    0.002       10       10       10        0.004      0.002      0.003      0.003        0.002      0.003      0.005      0.006        0.004
      218   -0.001    0.001    0.004       10       10       10        0.004      0.003      0.004      0.003        0.003      0.005      0.007      0.007        0.007
      219    0.003   -0.004   -0.005       10       10       10        0.007      0.003      0.001      0.002        0.002      0.007      0.002      0.003        0.004
      220    0.002   -0.004   -0.000       10       10       10        0.004      0.003      0.002      0.003        0.002      0.005      0.004      0.006        0.004
      221    0.002   -0.004   -0.005       10       10       10        0.006      0.003      0.001      0.001        0.001      0.005      0.003      0.002        0.003
      222   -0.000    0.005   -0.002       10       10       10        0.005      0.004      0.003      0.002        0.003      0.007      0.006      0.004        0.005
      223    0.001    0.004   -0.001       10       10       10        0.004      0.003      0.003      0.002        0.003      0.005      0.006      0.005        0.006
      224   -0.001   -0.000   -0.002       10       10       10        0.002      0.003      0.002      0.002        0.002      0.006      0.005      0.004        0.004
      225   -0.001   -0.002    0.003       10       10       10        0.004      0.002      0.003      0.002        0.002      0.005      0.005      0.004        0.005
      226   -0.000   -0.001   -0.001       10       10       10        0.002      0.002      0.002      0.003        0.003      0.003      0.004      0.007        0.005
      227    0.001    0.002   -0.001       10       10       10        0.003      0.003      0.002      0.003        0.003      0.006      0.005      0.006        0.005
      228   -0.006   -0.000   -0.003       10       10       10        0.007      0.001      0.003      0.001        0.001      0.002      0.005      0.003        0.002
      229    0.007    0.002    0.002       10       10       10        0.008      0.003      0.002      0.003        0.003      0.006      0.005      0.006        0.006
      230    0.000    0.002   -0.002       10       10       10        0.003      0.003      0.003      0.003        0.003      0.005      0.006      0.005        0.005
      231    0.004   -0.002   -0.001       10       10       10        0.005      0.003      0.002      0.003        0.003      0.006      0.004      0.006        0.005
      232    0.002   -0.001    0.003       10       10       10        0.004      0.002      0.002      0.004        0.003      0.005      0.004      0.008        0.007
      233   -0.002   -0.002   -0.001       10       10       10        0.003      0.004      0.002      0.003        0.003      0.007      0.004      0.006        0.005
      234    0.001   -0.001    0.004       10       10       10        0.005      0.003      0.002      0.003        0.003      0.006      0.005      0.006        0.006
      235   -0.002    0.001   -0.000       10       10       10        0.002      0.003      0.003      0.003        0.003      0.005      0.005      0.006        0.005
      236   -0.004   -0.002   -0.001       10       10       10        0.005      0.002      0.003      0.002        0.002      0.003      0.006      0.004        0.004
      237    0.002    0.001   -0.000       10       10       10        0.002      0.004      0.002      0.002        0.003      0.008      0.005      0.005        0.007
      238    0.003    0.002   -0.002       10       10       10        0.004      0.003      0.003      0.002        0.003      0.005      0.007      0.005        0.006
      239   -0.002    0.002   -0.001       10       10       10        0.003      0.003      0.003      0.002        0.003      0.007      0.006      0.004        0.006
      240    0.003    0.001    0.004       10       10       10        0.005      0.003      0.003      0.003        0.003      0.006      0.006      0.007        0.006
      241   -0.005   -0.002   -0.002       10       10       10        0.006      0.001      0.002      0.003        0.002      0.003      0.005      0.006        0.004
      242    0.001    0.001    0.002       10       10       10        0.002      0.003      0.003      0.003        0.003      0.005      0.006      0.006        0.006
      243   -0.006    0.001    0.003       10       10       10        0.007      0.001      0.003      0.003        0.002      0.002      0.006      0.006        0.004
      244    0.001    0.003   -0.007       10       10       10        0.008      0.002      0.003      0.001        0.002      0.004      0.006      0.002        0.003
      245   -0.003    0.002   -0.004       10       10       10        0.005      0.002      0.003      0.002        0.002      0.004      0.006      0.003        0.005
      246    0.006   -0.001   -0.001       10       10       10        0.006      0.003      0.002      0.003        0.003      0.005      0.004      0.005        0.005
      247   -0.000   -0.002    0.003       10       10       10        0.003      0.001      0.002      0.003        0.003      0.003      0.004      0.006        0.006
      248   -0.001   -0.002    0.002       10       10       10        0.003      0.004      0.002      0.003        0.003      0.007      0.005      0.005        0.006
      249   -0.006   -0.003    0.002       10       10       10        0.007      0.001      0.002      0.002        0.001      0.002      0.003      0.004        0.002
      250    0.001    0.005   -0.001       10       10       10        0.005      0.003      0.003      0.003        0.003      0.005      0.005      0.007        0.005
      251   -0.001    0.001    0.002       10       10       10        0.003      0.003      0.003      0.002        0.003      0.006      0.005      0.004        0.005
      252    0.001    0.000   -0.000       10       10       10        0.001      0.002      0.002      0.003        0.002      0.004      0.005      0.006        0.004
      253    0.003    0.001   -0.002       10       10       10        0.004      0.003      0.003      0.004        0.003      0.005      0.006      0.008        0.006
      254    0.001   -0.002   -0.004       10       10       10        0.005      0.003      0.002      0.003        0.003      0.006      0.003      0.006        0.005
      255   -0.001   -0.000    0.005       10       10       10        0.005      0.001      0.003      0.003        0.003      0.002      0.006      0.006        0.006
      256   -0.001    0.001   -0.001       10       10       10        0.001      0.003      0.002      0.002        0.002      0.005      0.004      0.005        0.005
      257   -0.004    0.002   -0.001       10       10       10        0.004      0.001      0.003      0.003        0.002      0.003      0.005      0.006        0.004
      258    0.001   -0.001    0.005       10       10       10        0.005      0.002      0.002      0.003        0.003      0.005      0.005      0.006        0.006
      259   -0.002    0.002    0.003       10       10       10        0.004      0.002      0.003      0.003        0.003      0.004      0.006      0.006        0.006
      260    0.002   -0.001   -0.002       10       10       10        0.003      0.004      0.003      0.002        0.003      0.007      0.006      0.004        0.005
      261   -0.003    0.001   -0.002       10       10       10        0.004      0.002      0.003      0.003        0.002      0.004      0.006      0.006        0.005
      262   -0.002    0.002    0.001       10       10       10        0.003      0.002      0.003      0.002        0.003      0.003      0.007      0.005        0.005
      263   -0.000    0.003   -0.001       10       10       10        0.003      0.003      0.003      0.003        0.003      0.007      0.006      0.005        0.006
      264   -0.000   -0.002    0.001       10       10       10        0.002      0.002      0.002      0.003        0.003      0.004      0.005      0.006        0.005
      265   -0.001    0.006   -0.001       10       10       10        0.006      0.004      0.002      0.002        0.002      0.007      0.005      0.005        0.005
      266    0.001    0.001   -0.002       10       10       10        0.003      0.003      0.003      0.003        0.003      0.006      0.006      0.006        0.006
      267    0.005   -0.004   -0.002       10       10       10        0.007      0.003      0.002      0.002        0.003      0.007      0.004      0.005        0.006
      268   -0.000   -0.003   -0.002       10       10       10        0.003      0.003      0.002      0.002        0.002      0.006      0.003      0.004        0.003
      269   -0.006    0.001    0.003       10       10       10        0.006      0.002      0.002      0.003        0.002      0.003      0.005      0.006        0.004
      270   -0.001   -0.001   -0.002       10       10       10        0.002      0.003      0.003      0.003        0.003      0.006      0.005      0.005        0.005
      271    0.005   -0.001    0.010       10       10       10        0.011      0.003      0.003      0.002        0.003      0.006      0.006      0.005        0.005
      272    0.002    0.003   -0.005       10       10       10        0.007      0.002      0.004      0.001        0.002      0.003      0.007      0.002        0.004
      273   -0.004   -0.000    0.002       10       10       10        0.005      0.002      0.003      0.003        0.002      0.004      0.006      0.006        0.005
      274   -0.004    0.001   -0.002       10       10       10        0.005      0.002      0.003      0.002        0.002      0.005      0.006      0.004        0.005
      275   -0.001    0.000   -0.005       10       10       10        0.005      0.002      0.003      0.001        0.001      0.003      0.006      0.002        0.003
      276   -0.001    0.002   -0.003       10       10       10        0.004      0.003      0.003      0.002        0.002      0.006      0.005      0.004        0.004
      277   -0.004   -0.001   -0.003       10       10       10        0.005      0.003      0.003      0.002        0.002      0.005      0.005      0.004        0.005
      278   -0.004   -0.001   -0.000       10       10       10        0.004      0.002      0.003      0.003        0.002      0.003      0.006      0.006        0.004
      279   -0.000   -0.001    0.000       10       10       10        0.001      0.002      0.003      0.003        0.003      0.003      0.007      0.007        0.007
      280   -0.003    0.000    0.000       10       10       10        0.003      0.003      0.003      0.003        0.003      0.005      0.007      0.006        0.005
      281   -0.001   -0.002    0.003       10       10       10        0.004      0.003      0.003      0.002        0.003      0.006      0.006      0.005        0.005
      282   -0.003    0.002    0.002       10       10       10        0.004      0.002      0.004      0.004        0.003      0.005      0.007      0.007        0.006
      283   -0.002    0.004    0.005       10       10       10        0.007      0.003      0.003      0.003        0.003      0.006      0.006      0.006        0.006
      284   -0.005   -0.002    0.001       10       10       10        0.005      0.002      0.002      0.003        0.002      0.003      0.005      0.006        0.004
      285   -0.006   -0.004    0.004       10       10       10        0.008      0.002      0.003      0.003        0.003      0.004      0.007      0.006        0.005
      286    0.002    0.001    0.006       10       10       10        0.006      0.003      0.003      0.003        0.003      0.006      0.006      0.006        0.006
      287   -0.000    0.001    0.001       10       10       10        0.001      0.003      0.004      0.002        0.003      0.007      0.007      0.004        0.006
      288   -0.001   -0.001   -0.001       10       10       10        0.002      0.003      0.002      0.003        0.003      0.005      0.005      0.006        0.005
      289   -0.003   -0.002    0.002       10       10       10        0.004      0.003      0.003      0.003        0.003      0.006      0.006      0.005        0.006
      290    0.003    0.003    0.006       10       10       10        0.008      0.002      0.003      0.003        0.003      0.005      0.006      0.006        0.006
      291    0.002   -0.004    0.004       10       10       10        0.006      0.002      0.002      0.003        0.003      0.005      0.005      0.007        0.006
      292    0.001   -0.004   -0.002       10       10       10        0.004      0.003      0.001      0.003        0.002      0.006      0.002      0.005        0.003
      293   -0.007   -0.004    0.000       10       10       10        0.008      0.002      0.002      0.002        0.002      0.005      0.005      0.003        0.005
      294    0.000   -0.005   -0.003       10       10       10        0.006      0.002      0.001      0.003        0.002      0.004      0.003      0.006        0.004
      295   -0.008    0.002    0.005       10       10       10        0.009      0.002      0.002      0.003        0.002      0.003      0.005      0.006        0.004
      296    0.000   -0.001    0.002       10       10       10        0.003      0.003      0.003      0.002        0.003      0.006      0.006      0.005        0.005
      297   -0.001    0.003    0.002       10       10       10        0.003      0.002      0.003      0.003        0.003      0.004      0.006      0.006        0.006
      298   -0.005   -0.001    0.001       10       10       10        0.005      0.001      0.003      0.003        0.001      0.002      0.006      0.006        0.002
      299   -0.003    0.003    0.003       10       10       10        0.005      0.003      0.003      0.003        0.003      0.005      0.006      0.006        0.006
      300   -0.001    0.002   -0.001       10       10       10        0.003      0.003      0.003      0.002        0.003      0.006      0.006      0.005        0.006
      301   -0.001   -0.001   -0.001       10       10       10        0.002      0.004      0.002      0.003        0.003      0.007      0.004      0.006        0.005
      302    0.002    0.004   -0.002       10       10       10        0.005      0.002      0.003      0.003        0.003      0.004      0.006      0.005        0.006
      303    0.002    0.002   -0.003       10       10       10        0.004      0.003      0.003      0.002        0.002      0.007      0.006      0.004        0.005
      304   -0.002    0.005    0.000       10       10       10        0.005      0.002      0.004      0.003        0.003      0.005      0.007      0.005        0.007
      305    0.001   -0.004   -0.004       10       10       10        0.006      0.003      0.002      0.002        0.002      0.005      0.005      0.004        0.004
      306    0.001   -0.002   -0.002       10       10       10        0.003      0.003      0.002      0.002        0.002      0.007      0.004      0.005        0.005
      307    0.001    0.003    0.004       10       10       10        0.005      0.002      0.004      0.003        0.003      0.005      0.008      0.006        0.007
      308   -0.002   -0.000    0.001       10       10       10        0.002      0.003      0.003      0.004        0.003      0.006      0.005      0.007        0.006
      309   -0.002   -0.005   -0.001       10       10       10        0.006      0.003      0.001      0.003        0.001      0.006      0.002      0.006        0.003
      310   -0.007    0.004   -0.003       10       10       10        0.008      0.002      0.003      0.002        0.002      0.003      0.006      0.003        0.004
      311    0.001    0.002    0.003       10       10       10        0.004      0.003      0.003      0.003        0.003      0.005      0.007      0.005        0.006
      312   -0.001    0.007   -0.002       10       10       10        0.007      0.002      0.003      0.001        0.003      0.005      0.007      0.003        0.006
      313   -0.001   -0.003   -0.004       10       10       10        0.005      0.002      0.002      0.001        0.001      0.005      0.003      0.002        0.003
