################################################################################################################################
#                 Average Displacement                Sample Size                                   SE (1SD)                SE (1SD) of              SE (2SD)                SE (2SD) of       #
#              --------------------------       ---------------------      Average        --------------------------          Average        --------------------------          Average       #
#       CA     x-axis    y-axis    z-axis       x         y         z    Displacement     x-axis    y-axis    z-axis    Displacement vector  x-axis    y-axis    z-axis    Displacement vector #
################################################################################################################################
        1   -0.222   -0.074   -0.534       10       10       10        0.583      0.386      0.868      0.691        0.659      0.772      1.737      1.382        1.318
        2   -0.634   -0.154    0.030       10       10       10        0.653      0.430      0.330      0.527        0.425      0.859      0.661      1.054        0.850
        3   -0.362   -0.134   -0.097       10       10       10        0.398      0.210      0.214      0.362        0.222      0.420      0.428      0.723        0.445
        4   -0.314   -0.181   -0.041       10       10       10        0.364      0.243      0.231      0.286        0.241      0.487      0.463      0.572        0.482
        5   -0.305    0.003   -0.147       10       10       10        0.338      0.148      0.158      0.309        0.190      0.297      0.315      0.619        0.379
        6   -0.418    0.050   -0.069       10       10       10        0.427      0.164      0.148      0.322        0.169      0.327      0.295      0.643        0.339
        7   -0.285    0.090   -0.068       10       10       10        0.307      0.215      0.236      0.385        0.228      0.430      0.471      0.770        0.456
        8   -0.306   -0.062   -0.025       10       10       10        0.313      0.302      0.288      0.246        0.302      0.605      0.577      0.491        0.603
        9    0.058   -0.166   -0.052       10       10       10        0.184      0.203      0.281      0.262        0.273      0.407      0.562      0.525        0.545
       10   -0.213   -0.003   -0.219       10       10       10        0.305      0.201      0.224      0.241        0.222      0.402      0.448      0.482        0.445
       11   -0.067    0.129   -0.181       10       10       10        0.233      0.147      0.222      0.231        0.223      0.293      0.445      0.462        0.445
       12   -0.127    0.179   -0.059       10       10       10        0.227      0.152      0.289      0.199        0.248      0.304      0.577      0.399        0.497
       13   -0.120    0.243    0.143       10       10       10        0.307      0.169      0.311      0.095        0.259      0.338      0.623      0.190        0.519
       14   -0.154    0.242    0.548       10       10       10        0.619      0.184      0.397      0.224        0.256      0.368      0.795      0.447        0.512
       15   -0.096    0.153    0.476       10       10       10        0.510      0.160      0.434      0.182        0.217      0.320      0.869      0.364        0.434
       16   -0.087    0.038    0.328       10       10       10        0.342      0.230      0.464      0.254        0.256      0.459      0.928      0.507        0.512
       17    0.051    0.089    0.222       10       10       10        0.244      0.216      0.391      0.365        0.364      0.432      0.783      0.731        0.728
       18   -0.035    0.123    0.400       10       10       10        0.420      0.379      0.397      0.476        0.469      0.758      0.794      0.952        0.938
       19   -0.010    0.423    0.608       10       10       10        0.741      0.435      0.385      0.399        0.394      0.869      0.770      0.798        0.789
       20    0.186    0.284    0.788       10       10       10        0.859      0.528      0.429      0.469        0.467      1.056      0.859      0.937        0.935
       21    0.103   -0.012   -0.041       10       10       10        0.111      0.526      0.494      0.515        0.525      1.053      0.987      1.031        1.049
       22    0.395   -0.102   -0.439       10       10       10        0.599      0.453      0.527      0.559        0.515      0.906      1.054      1.119        1.030
       23   -0.361    0.007   -0.057       10       10       10        0.365      0.373      0.474      0.418        0.374      0.745      0.948      0.836        0.748
       24   -0.436    0.255    0.092       10       10       10        0.513      0.323      0.406      0.315        0.346      0.647      0.813      0.630        0.691
       25   -0.074    0.384    0.228       10       10       10        0.453      0.196      0.287      0.266        0.280      0.392      0.575      0.531        0.560
       26   -0.112    0.425    0.357       10       10       10        0.566      0.125      0.305      0.160        0.251      0.251      0.610      0.321        0.503
       27    0.021    0.305    0.301       10       10       10        0.429      0.093      0.291      0.165        0.237      0.185      0.582      0.329        0.474
       28    0.030    0.287    0.101       10       10       10        0.305      0.085      0.263      0.152        0.252      0.170      0.526      0.304        0.504
       29   -0.085    0.120   -0.109       10       10       10        0.184      0.143      0.218      0.169        0.187      0.286      0.435      0.339        0.374
       30   -0.042    0.092   -0.208       10       10       10        0.231      0.162      0.221      0.203        0.205      0.323      0.442      0.407        0.410
       31   -0.360   -0.341   -0.867       10       10       10        0.999      0.254      0.252      0.374        0.348      0.508      0.504      0.748        0.696
       32    0.017   -1.121   -0.883       10       10       10        1.427      0.264      0.444      0.422        0.436      0.528      0.888      0.844        0.871
       33   -0.343   -1.267   -1.304       10       10       10        1.850      0.450      0.447      0.484        0.466      0.900      0.894      0.968        0.931
       34   -1.093   -0.841   -1.218       10       10       10        1.840      0.580      0.335      0.661        0.578      1.160      0.670      1.323        1.155
       35   -1.662   -0.665   -0.030       10       10       10        1.790      0.649      0.407      0.686        0.621      1.298      0.813      1.372        1.242
       36   -0.797   -0.368    0.645       10       10       10        1.089      0.608      0.287      0.947        0.722      1.216      0.574      1.893        1.444
       37    0.482    0.119    0.218       10       10       10        0.543      0.373      0.328      0.585        0.413      0.746      0.656      1.169        0.825
       38    0.250    0.060    0.009       10       10       10        0.257      0.256      0.191      0.430        0.253      0.512      0.382      0.859        0.507
       39    0.371    0.076   -0.032       10       10       10        0.380      0.221      0.221      0.224        0.221      0.441      0.441      0.449        0.442
       40    0.126    0.085    0.114       10       10       10        0.190      0.114      0.199      0.168        0.154      0.228      0.398      0.337        0.309
       41    0.047    0.091    0.058       10       10       10        0.117      0.087      0.196      0.106        0.164      0.175      0.392      0.213        0.328
       42   -0.076    0.173    0.219       10       10       10        0.289      0.095      0.213      0.152        0.174      0.191      0.426      0.304        0.347
       43   -0.068    0.370    0.195       10       10       10        0.423      0.107      0.166      0.134        0.158      0.213      0.332      0.268        0.316
       44    0.014    0.334    0.255       10       10       10        0.421      0.138      0.209      0.238        0.220      0.277      0.418      0.475        0.440
       45   -0.199    0.314    0.198       10       10       10        0.421      0.219      0.343      0.213        0.293      0.438      0.686      0.426        0.587
       46   -0.312    0.259   -0.006       10       10       10        0.406      0.281      0.401      0.272        0.335      0.562      0.802      0.544        0.670
       47   -0.105    0.011   -0.160       10       10       10        0.192      0.253      0.537      0.337        0.315      0.506      1.075      0.675        0.631
       48   -0.452    0.475   -0.092       10       10       10        0.663      0.457      0.644      0.316        0.559      0.915      1.288      0.631        1.118
       49   -0.231    0.872   -0.042       10       10       10        0.903      0.343      0.943      0.357        0.915      0.686      1.885      0.714        1.829
       50   -0.191    0.264    0.261       10       10       10        0.418      0.455      0.712      0.400        0.556      0.911      1.423      0.801        1.111
       51    0.054   -0.039    0.105       10       10       10        0.124      0.303      0.432      0.327        0.334      0.606      0.864      0.654        0.669
       52   -0.022   -0.131    0.317       10       10       10        0.344      0.290      0.273      0.313        0.307      0.579      0.546      0.626        0.615
       53   -0.095   -0.059    0.192       10       10       10        0.222      0.289      0.220      0.398        0.370      0.577      0.441      0.796        0.740
       54   -0.131    0.107   -0.060       10       10       10        0.179      0.245      0.340      0.336        0.292      0.489      0.679      0.672        0.585
       55   -0.252    0.142    0.128       10       10       10        0.316      0.231      0.250      0.284        0.244      0.462      0.499      0.568        0.489
       56   -0.296    0.171    0.070       10       10       10        0.349      0.241      0.172      0.317        0.230      0.481      0.343      0.634        0.459
       57   -0.283    0.144   -0.019       10       10       10        0.318      0.258      0.200      0.364        0.248      0.516      0.399      0.728        0.496
       58   -0.279    0.163    0.199       10       10       10        0.380      0.237      0.228      0.292        0.252      0.474      0.457      0.584        0.504
       59   -0.367    0.059    0.168       10       10       10        0.408      0.217      0.163      0.240        0.220      0.434      0.327      0.480        0.441
       60   -0.246    0.031    0.086       10       10       10        0.263      0.182      0.200      0.315        0.201      0.364      0.399      0.630        0.401
       61   -0.220    0.002    0.182       10       10       10        0.285      0.169      0.145      0.263        0.212      0.337      0.290      0.526        0.424
       62   -0.182    0.007    0.119       10       10       10        0.218      0.148      0.155      0.234        0.178      0.296      0.309      0.468        0.356
       63   -0.192    0.008    0.088       10       10       10        0.211      0.142      0.238      0.182        0.150      0.283      0.477      0.365        0.299
       64   -0.106   -0.080    0.203       10       10       10        0.243      0.176      0.218      0.216        0.209      0.352      0.436      0.433        0.419
       65   -0.095   -0.161    0.224       10       10       10        0.292      0.117      0.169      0.215        0.194      0.233      0.338      0.431        0.387
       66   -0.034   -0.130    0.183       10       10       10        0.227      0.092      0.201      0.166        0.177      0.184      0.402      0.332        0.354
       67    0.133   -0.210    0.179       10       10       10        0.306      0.092      0.247      0.193        0.207      0.184      0.494      0.386        0.414
       68    0.142   -0.182    0.252       10       10       10        0.342      0.096      0.216      0.203        0.193      0.193      0.431      0.407        0.386
       69    0.151   -0.053    0.361       10       10       10        0.395      0.098      0.151      0.232        0.217      0.196      0.302      0.465        0.433
       70    0.130    0.031    0.220       10       10       10        0.257      0.105      0.139      0.227        0.202      0.210      0.277      0.454        0.404
       71    0.121   -0.033    0.363       10       10       10        0.384      0.111      0.158      0.256        0.245      0.222      0.317      0.513        0.490
       72    0.082   -0.127    0.099       10       10       10        0.181      0.106      0.156      0.155        0.146      0.213      0.312      0.309        0.293
       73    0.076   -0.259    0.157       10       10       10        0.312      0.101      0.162      0.167        0.160      0.202      0.325      0.333        0.321
       74    0.053   -0.335    0.163       10       10       10        0.376      0.110      0.167      0.187        0.170      0.220      0.335      0.373        0.340
       75    0.082   -0.285    0.119       10       10       10        0.320      0.098      0.129      0.239        0.147      0.195      0.257      0.479        0.295
       76   -0.075   -0.403    0.137       10       10       10        0.433      0.094      0.167      0.207        0.170      0.187      0.333      0.414        0.339
       77    0.050   -0.444    0.070       10       10       10        0.452      0.119      0.146      0.104        0.145      0.239      0.292      0.208        0.289
       78   -0.065   -0.254   -0.014       10       10       10        0.263      0.116      0.147      0.152        0.146      0.233      0.295      0.303        0.291
       79   -0.200   -0.034   -0.023       10       10       10        0.204      0.153      0.183      0.166        0.154      0.307      0.366      0.332        0.309
       80   -0.268    0.107   -0.147       10       10       10        0.324      0.204      0.218      0.209        0.206      0.408      0.437      0.417        0.413
       81   -0.369    0.252   -0.142       10       10       10        0.469      0.260      0.272      0.265        0.264      0.520      0.545      0.530        0.528
       82   -0.150   -0.350    0.278       10       10       10        0.472      0.368      0.330      0.212        0.299      0.735      0.660      0.424        0.598
       83   -0.770   -0.098    0.441       10       10       10        0.893      0.422      0.452      0.180        0.378      0.844      0.903      0.360        0.756
       84   -0.357    0.129    0.271       10       10       10        0.466      0.233      0.412      0.147        0.228      0.467      0.824      0.293        0.457
       85   -0.177    0.218    0.191       10       10       10        0.339      0.200      0.333      0.184        0.259      0.400      0.665      0.368        0.518
       86   -0.138    0.092    0.106       10       10       10        0.197      0.166      0.310      0.157        0.204      0.332      0.621      0.313        0.409
       87   -0.094    0.111    0.053       10       10       10        0.155      0.125      0.190      0.164        0.166      0.251      0.380      0.328        0.332
       88   -0.016    0.048    0.077       10       10       10        0.092      0.102      0.095      0.086        0.089      0.204      0.190      0.172        0.178
       89    0.154   -0.247    0.367       10       10       10        0.469      0.098      0.120      0.186        0.162      0.197      0.241      0.372        0.324
       90    0.294   -0.419    0.371       10       10       10        0.632      0.125      0.260      0.146        0.201      0.251      0.519      0.293        0.402
       91    0.268    0.091    0.545       10       10       10        0.614      0.125      0.173      0.215        0.200      0.250      0.347      0.429        0.399
       92   -0.112   -0.185    0.293       10       10       10        0.364      0.195      0.197      0.291        0.261      0.391      0.395      0.581        0.523
       93   -0.008   -0.113   -0.019       10       10       10        0.115      0.212      0.178      0.400        0.187      0.423      0.355      0.799        0.375
       94   -0.117   -0.127    0.354       10       10       10        0.394      0.137      0.149      0.303        0.279      0.275      0.297      0.605        0.558
       95   -0.033   -0.078    0.469       10       10       10        0.477      0.169      0.217      0.289        0.287      0.337      0.434      0.578        0.574
       96    0.131   -0.173    0.313       10       10       10        0.381      0.160      0.224      0.200        0.201      0.321      0.448      0.400        0.402
       97    0.182   -0.154    0.337       10       10       10        0.413      0.105      0.177      0.160        0.153      0.209      0.354      0.319        0.307
       98    0.162   -0.153    0.321       10       10       10        0.391      0.115      0.207      0.194        0.185      0.231      0.414      0.388        0.370
       99    0.156   -0.197    0.358       10       10       10        0.437      0.216      0.256      0.152        0.186      0.432      0.511      0.305        0.373
      100    0.196   -0.211    0.350       10       10       10        0.453      0.137      0.205      0.173        0.174      0.273      0.411      0.345        0.349
      101    0.034   -0.247    0.255       10       10       10        0.357      0.073      0.194      0.178        0.186      0.147      0.389      0.357        0.371
      102    0.129   -0.386    0.169       10       10       10        0.441      0.159      0.285      0.189        0.264      0.317      0.569      0.377        0.527
      103    0.167   -0.445    0.230       10       10       10        0.528      0.114      0.265      0.206        0.244      0.227      0.531      0.412        0.487
      104    0.174   -0.282    0.223       10       10       10        0.399      0.100      0.202      0.219        0.193      0.200      0.404      0.438        0.386
      105   -0.076   -0.329    0.127       10       10       10        0.361      0.181      0.204      0.213        0.204      0.362      0.408      0.426        0.408
      106   -0.131   -0.751   -0.056       10       10       10        0.764      0.164      0.249      0.247        0.247      0.328      0.497      0.493        0.493
      107    0.229   -0.541    0.052       10       10       10        0.590      0.090      0.256      0.208        0.238      0.180      0.511      0.416        0.475
      108    0.184   -0.283   -0.032       10       10       10        0.339      0.067      0.178      0.144        0.154      0.134      0.356      0.287        0.307
      109    0.049    0.024   -0.168       10       10       10        0.177      0.086      0.188      0.159        0.155      0.172      0.376      0.318        0.311
      110   -0.153    0.123    0.005       10       10       10        0.197      0.109      0.111      0.113        0.110      0.218      0.222      0.226        0.219
      111   -0.119    0.199    0.064       10       10       10        0.241      0.128      0.121      0.161        0.126      0.256      0.241      0.321        0.251
      112   -0.009    0.157    0.164       10       10       10        0.227      0.147      0.078      0.198        0.153      0.294      0.155      0.396        0.305
      113    0.001    0.070    0.070       10       10       10        0.099      0.122      0.119      0.133        0.126      0.245      0.238      0.266        0.252
      114   -0.058    0.209    0.023       10       10       10        0.218      0.117      0.115      0.119        0.115      0.235      0.229      0.239        0.230
      115   -0.042    0.187    0.105       10       10       10        0.218      0.133      0.153      0.198        0.164      0.266      0.305      0.397        0.327
      116    0.082    0.109    0.161       10       10       10        0.211      0.101      0.166      0.173        0.162      0.202      0.332      0.346        0.324
      117   -0.015    0.224    0.054       10       10       10        0.231      0.113      0.170      0.115        0.167      0.226      0.340      0.230        0.335
      118   -0.056    0.188    0.099       10       10       10        0.220      0.112      0.097      0.151        0.111      0.224      0.195      0.302        0.222
      119   -0.129    0.148    0.148       10       10       10        0.245      0.101      0.095      0.166        0.126      0.202      0.189      0.331        0.253
      120   -0.081   -0.064    0.041       10       10       10        0.111      0.126      0.106      0.110        0.118      0.252      0.213      0.221        0.236
      121   -0.067    0.103   -0.039       10       10       10        0.129      0.100      0.098      0.103        0.099      0.201      0.197      0.205        0.199
      122   -0.121    0.078    0.073       10       10       10        0.162      0.109      0.113      0.097        0.108      0.219      0.227      0.194        0.216
      123   -0.138    0.062    0.075       10       10       10        0.169      0.114      0.077      0.089        0.105      0.227      0.153      0.179        0.210
      124   -0.132    0.046    0.032       10       10       10        0.143      0.111      0.094      0.107        0.109      0.221      0.188      0.214        0.218
      125   -0.170    0.088    0.085       10       10       10        0.209      0.123      0.105      0.114        0.119      0.246      0.209      0.228        0.237
      126   -0.046    0.099    0.148       10       10       10        0.184      0.077      0.105      0.164        0.145      0.153      0.210      0.329        0.290
      127    0.157    0.084    0.282       10       10       10        0.333      0.079      0.095      0.150        0.135      0.158      0.190      0.301        0.269
      128    0.114    0.075    0.365       10       10       10        0.390      0.097      0.101      0.174        0.167      0.194      0.201      0.348        0.333
      129    0.270    0.024    0.187       10       10       10        0.329      0.197      0.195      0.149        0.183      0.394      0.389      0.299        0.366
      130    0.162    0.156    0.017       10       10       10        0.225      0.099      0.123      0.215        0.112      0.197      0.246      0.429        0.224
      131    0.086    0.176    0.003       10       10       10        0.196      0.107      0.132      0.166        0.128      0.213      0.265      0.332        0.256
      132    0.024    0.001    0.071       10       10       10        0.075      0.130      0.119      0.165        0.161      0.260      0.238      0.329        0.323
      133    0.195    0.044   -0.008       10       10       10        0.200      0.127      0.125      0.139        0.127      0.254      0.249      0.278        0.254
      134    0.179    0.200    0.027       10       10       10        0.270      0.114      0.131      0.086        0.124      0.229      0.262      0.172        0.247
      135    0.221    0.145   -0.058       10       10       10        0.270      0.107      0.157      0.155        0.125      0.213      0.313      0.310        0.251
      136    0.319    0.028   -0.106       10       10       10        0.337      0.107      0.212      0.079        0.106      0.215      0.423      0.158        0.212
      137    0.298   -0.159   -0.096       10       10       10        0.351      0.107      0.199      0.091        0.130      0.214      0.398      0.182        0.261
      138    0.307   -0.024   -0.072       10       10       10        0.316      0.116      0.169      0.125        0.117      0.233      0.339      0.250        0.234
      139    0.279   -0.006    0.064       10       10       10        0.287      0.085      0.148      0.150        0.090      0.170      0.295      0.299        0.179
      140    0.140   -0.213    0.237       10       10       10        0.348      0.134      0.184      0.182        0.176      0.268      0.368      0.363        0.351
      141    0.341   -0.040    0.167       10       10       10        0.381      0.084      0.148      0.194        0.114      0.168      0.296      0.388        0.228
      142    0.248   -0.330   -0.020       10       10       10        0.413      0.099      0.104      0.171        0.102      0.198      0.208      0.341        0.205
      143    0.208   -0.300    0.266       10       10       10        0.452      0.088      0.110      0.230        0.159      0.176      0.220      0.461        0.319
      144    0.178   -0.234    0.332       10       10       10        0.444      0.100      0.119      0.231        0.189      0.200      0.238      0.463        0.377
      145    0.382   -0.202    0.354       10       10       10        0.558      0.131      0.127      0.304        0.218      0.261      0.254      0.609        0.435
      146    0.408   -0.236    0.301       10       10       10        0.559      0.153      0.140      0.273        0.194      0.306      0.280      0.546        0.388
      147    0.358   -0.251    0.358       10       10       10        0.566      0.177      0.184      0.281        0.226      0.355      0.368      0.561        0.451
      148    0.327   -0.362    0.364       10       10       10        0.609      0.174      0.121      0.261        0.196      0.348      0.242      0.521        0.391
      149    0.324   -0.164    0.425       10       10       10        0.559      0.130      0.176      0.264        0.221      0.260      0.352      0.529        0.441
      150    0.258   -0.237    0.294       10       10       10        0.457      0.134      0.141      0.248        0.191      0.268      0.281      0.496        0.382
      151    0.154   -0.264    0.151       10       10       10        0.341      0.115      0.153      0.220        0.162      0.230      0.306      0.440        0.324
      152    0.195   -0.338    0.095       10       10       10        0.401      0.083      0.169      0.201        0.155      0.166      0.338      0.401        0.311
      153   -0.033   -0.332    0.002       10       10       10        0.334      0.105      0.198      0.182        0.197      0.210      0.396      0.365        0.395
      154   -0.117   -0.373   -0.009       10       10       10        0.391      0.173      0.208      0.191        0.205      0.345      0.416      0.383        0.410
      155   -0.334    0.225    0.345       10       10       10        0.531      0.152      0.164      0.131        0.146      0.303      0.327      0.262        0.291
      156   -0.140   -0.085    0.373       10       10       10        0.407      0.187      0.177      0.123        0.135      0.375      0.355      0.247        0.270
      157    0.084   -0.188    0.031       10       10       10        0.208      0.159      0.193      0.139        0.187      0.317      0.386      0.278        0.373
      158    0.159   -0.023    0.091       10       10       10        0.185      0.170      0.145      0.129        0.160      0.339      0.291      0.258        0.321
      159    0.170    0.117    0.065       10       10       10        0.216      0.151      0.190      0.152        0.164      0.303      0.380      0.303        0.327
      160    0.143    0.190    0.103       10       10       10        0.260      0.153      0.209      0.196        0.192      0.306      0.418      0.393        0.383
      161    0.131    0.281   -0.077       10       10       10        0.320      0.121      0.219      0.213        0.205      0.243      0.437      0.427        0.410
      162    0.242    0.728   -0.305       10       10       10        0.826      0.151      0.280      0.464        0.304      0.301      0.560      0.928        0.607
      163    0.206    0.505   -0.240       10       10       10        0.596      0.284      0.223      0.529        0.301      0.569      0.447      1.057        0.603
      164   -0.238    0.226    0.168       10       10       10        0.368      0.515      0.278      0.353        0.407      1.030      0.556      0.706        0.814
      165    0.063    0.579    0.142       10       10       10        0.599      0.216      0.201      0.218        0.202      0.433      0.402      0.436        0.404
      166   -0.138    0.098    0.006       10       10       10        0.169      0.233      0.283      0.148        0.251      0.466      0.566      0.296        0.501
      167   -0.092    0.231    0.097       10       10       10        0.267      0.101      0.144      0.149        0.140      0.202      0.288      0.298        0.280
      168   -0.011    0.123    0.157       10       10       10        0.200      0.085      0.130      0.177        0.161      0.169      0.261      0.354        0.321
      169    0.137   -0.029    0.063       10       10       10        0.153      0.133      0.152      0.192        0.146      0.267      0.303      0.384        0.292
      170    0.053    0.200    0.052       10       10       10        0.213      0.294      0.319      0.219        0.312      0.587      0.638      0.438        0.625
      171    0.214    0.102   -0.016       10       10       10        0.237      0.219      0.464      0.219        0.281      0.438      0.927      0.438        0.561
      172    0.123    0.298   -0.170       10       10       10        0.364      0.206      0.462      0.302        0.409      0.412      0.925      0.603        0.819
      173    0.227   -0.054   -0.148       10       10       10        0.276      0.254      0.518      0.330        0.292      0.508      1.035      0.661        0.584
      174    0.113    0.131   -0.073       10       10       10        0.188      0.191      0.363      0.331        0.306      0.383      0.726      0.661        0.612
      175    0.082    0.099   -0.213       10       10       10        0.249      0.194      0.336      0.225        0.243      0.388      0.672      0.450        0.486
      176    0.108    0.052   -0.231       10       10       10        0.260      0.177      0.233      0.198        0.196      0.353      0.466      0.395        0.391
      177    0.182    0.056   -0.191       10       10       10        0.270      0.163      0.224      0.193        0.182      0.325      0.448      0.387        0.363
      178    0.132   -0.088   -0.198       10       10       10        0.254      0.143      0.207      0.188        0.179      0.285      0.414      0.376        0.359
      179    0.121   -0.070   -0.179       10       10       10        0.227      0.112      0.215      0.190        0.175      0.224      0.429      0.381        0.349
      180    0.128   -0.231   -0.089       10       10       10        0.279      0.113      0.285      0.179        0.249      0.225      0.571      0.357        0.498
      181    0.068   -0.248   -0.045       10       10       10        0.261      0.104      0.247      0.199        0.239      0.208      0.495      0.398        0.478
      182    0.017   -0.207    0.033       10       10       10        0.210      0.136      0.222      0.272        0.223      0.273      0.444      0.545        0.446
      183   -0.024   -0.233    0.041       10       10       10        0.238      0.139      0.169      0.238        0.171      0.278      0.338      0.476        0.343
      184    0.070   -0.090   -0.145       10       10       10        0.184      0.136      0.202      0.171        0.175      0.273      0.405      0.342        0.349
      185    0.070    0.056    0.012       10       10       10        0.091      0.099      0.275      0.243        0.190      0.198      0.549      0.486        0.379
      186   -0.001    0.059    0.245       10       10       10        0.252      0.120      0.274      0.279        0.278      0.240      0.547      0.557        0.557
      187    0.066    0.084    0.123       10       10       10        0.163      0.132      0.289      0.297        0.275      0.263      0.579      0.595        0.550
      188    0.299    0.081    0.011       10       10       10        0.310      0.118      0.315      0.199        0.141      0.237      0.630      0.399        0.282
      189    0.083   -0.018   -0.026       10       10       10        0.088      0.095      0.225      0.195        0.115      0.191      0.449      0.389        0.230
      190    0.027   -0.054   -0.137       10       10       10        0.150      0.092      0.193      0.125        0.135      0.183      0.387      0.250        0.270
      191   -0.090    0.090   -0.109       10       10       10        0.167      0.091      0.147      0.106        0.116      0.181      0.294      0.213        0.232
      192    0.029    0.032    0.010       10       10       10        0.045      0.123      0.120      0.082        0.120      0.245      0.240      0.163        0.239
      193    0.051    0.038    0.049       10       10       10        0.080      0.098      0.106      0.087        0.096      0.195      0.212      0.175        0.192
      194    0.006   -0.026    0.081       10       10       10        0.086      0.064      0.158      0.093        0.101      0.129      0.317      0.187        0.202
      195    0.059   -0.088    0.089       10       10       10        0.139      0.111      0.153      0.087        0.122      0.222      0.306      0.173        0.243
      196    0.002   -0.065    0.041       10       10       10        0.077      0.080      0.122      0.105        0.117      0.161      0.243      0.210        0.234
      197    0.088   -0.142   -0.127       10       10       10        0.210      0.098      0.142      0.099        0.120      0.195      0.284      0.198        0.241
      198    0.081   -0.162   -0.039       10       10       10        0.185      0.099      0.132      0.114        0.126      0.197      0.265      0.228        0.252
      199    0.057   -0.206   -0.085       10       10       10        0.230      0.088      0.175      0.143        0.167      0.176      0.350      0.286        0.334
      200    0.148   -0.174   -0.060       10       10       10        0.236      0.079      0.173      0.138        0.141      0.159      0.346      0.276        0.282
      201    0.183   -0.148   -0.109       10       10       10        0.259      0.097      0.158      0.130        0.125      0.193      0.316      0.260        0.251
      202    0.212   -0.159   -0.113       10       10       10        0.288      0.089      0.160      0.102        0.117      0.177      0.320      0.204        0.234
      203    0.110   -0.293   -0.177       10       10       10        0.360      0.065      0.160      0.110        0.142      0.130      0.319      0.221        0.285
      204    0.165   -0.226   -0.112       10       10       10        0.301      0.085      0.149      0.149        0.133      0.171      0.299      0.299        0.267
      205    0.133   -0.080   -0.229       10       10       10        0.276      0.118      0.181      0.111        0.120      0.236      0.361      0.222        0.240
      206    0.155   -0.199   -0.256       10       10       10        0.359      0.074      0.144      0.127        0.125      0.149      0.288      0.255        0.250
      207    0.142   -0.223   -0.167       10       10       10        0.313      0.103      0.130      0.163        0.135      0.206      0.260      0.326        0.271
      208    0.033   -0.224   -0.105       10       10       10        0.249      0.111      0.126      0.179        0.137      0.221      0.253      0.358        0.274
      209    0.043   -0.232   -0.050       10       10       10        0.241      0.146      0.147      0.146        0.147      0.291      0.293      0.292        0.293
      210    0.034   -0.159   -0.048       10       10       10        0.169      0.123      0.146      0.148        0.145      0.246      0.291      0.296        0.290
      211    0.183   -0.193   -0.072       10       10       10        0.275      0.157      0.176      0.158        0.167      0.313      0.352      0.315        0.333
      212    0.289   -0.388    0.016       10       10       10        0.484      0.201      0.226      0.187        0.217      0.402      0.451      0.374        0.434
      213    0.230   -0.327   -0.074       10       10       10        0.407      0.137      0.207      0.164        0.186      0.274      0.415      0.328        0.373
      214    0.173   -0.317   -0.030       10       10       10        0.363      0.156      0.241      0.198        0.224      0.313      0.482      0.395        0.449
      215    0.237   -0.282   -0.078       10       10       10        0.377      0.244      0.323      0.187        0.289      0.489      0.646      0.374        0.578
      216   -0.137    0.221    0.231       10       10       10        0.348      0.190      0.395      0.208        0.296      0.379      0.791      0.416        0.592
      217   -0.016   -0.077    0.247       10       10       10        0.260      0.220      0.274      0.204        0.211      0.439      0.549      0.408        0.423
      218   -0.163    0.058   -0.057       10       10       10        0.182      0.266      0.344      0.248        0.273      0.531      0.688      0.496        0.546
      219   -0.013   -0.001   -0.372       10       10       10        0.372      0.241      0.285      0.327        0.327      0.483      0.570      0.654        0.654
      220   -0.076   -0.026   -0.478       10       10       10        0.484      0.317      0.360      0.241        0.243      0.635      0.721      0.481        0.486
      221    0.080   -0.096   -0.244       10       10       10        0.275      0.253      0.311      0.214        0.232      0.506      0.622      0.428        0.463
      222    0.156   -0.340   -0.386       10       10       10        0.537      0.168      0.265      0.206        0.229      0.337      0.530      0.411        0.457
      223    0.218   -0.435   -0.355       10       10       10        0.602      0.157      0.285      0.306        0.279      0.313      0.570      0.611        0.559
      224    0.311   -0.341    0.020       10       10       10        0.462      0.173      0.273      0.327        0.233      0.346      0.547      0.653        0.467
      225    0.124   -0.267   -0.264       10       10       10        0.395      0.191      0.234      0.268        0.246      0.381      0.469      0.537        0.493
      226   -0.054   -0.320   -0.224       10       10       10        0.394      0.244      0.269      0.232        0.258      0.488      0.539      0.465        0.515
      227    0.041   -0.424   -0.025       10       10       10        0.426      0.225      0.342      0.401        0.341      0.449      0.684      0.802        0.683
      228    0.139   -0.296   -0.180       10       10       10        0.373      0.228      0.243      0.463        0.307      0.456      0.487      0.926        0.614
      229   -0.008   -0.118   -0.173       10       10       10        0.209      0.272      0.223      0.357        0.321      0.544      0.445      0.715        0.641
      230    0.037   -0.132   -0.208       10       10       10        0.249      0.166      0.211      0.239        0.230      0.332      0.421      0.478        0.460
      231   -0.046   -0.082   -0.078       10       10       10        0.122      0.122      0.214      0.190        0.194      0.243      0.429      0.380        0.388
      232    0.056   -0.232   -0.047       10       10       10        0.243      0.089      0.218      0.180        0.212      0.177      0.437      0.360        0.425
      233    0.014   -0.210   -0.181       10       10       10        0.278      0.108      0.245      0.227        0.237      0.215      0.491      0.454        0.475
      234   -0.018   -0.264   -0.213       10       10       10        0.340      0.104      0.234      0.188        0.217      0.208      0.469      0.377        0.434
      235    0.018   -0.264   -0.307       10       10       10        0.405      0.118      0.193      0.211        0.203      0.236      0.385      0.421        0.406
      236    0.065    0.011   -0.433       10       10       10        0.438      0.085      0.136      0.137        0.136      0.170      0.273      0.273        0.271
      237   -0.247    0.016   -0.392       10       10       10        0.463      0.128      0.151      0.146        0.141      0.255      0.302      0.292        0.282
      238   -0.277   -0.146   -0.271       10       10       10        0.414      0.090      0.159      0.155        0.130      0.179      0.317      0.310        0.261
      239   -0.199    0.037   -0.369       10       10       10        0.420      0.104      0.150      0.190        0.175      0.207      0.301      0.381        0.349
      240   -0.194   -0.042   -0.379       10       10       10        0.428      0.092      0.145      0.300        0.269      0.184      0.290      0.600        0.539
      241   -0.254    0.067   -0.356       10       10       10        0.442      0.138      0.256      0.243        0.215      0.276      0.511      0.486        0.429
      242   -0.188    0.069   -0.343       10       10       10        0.397      0.098      0.176      0.163        0.151      0.196      0.351      0.326        0.302
      243   -0.155    0.028   -0.330       10       10       10        0.366      0.092      0.187      0.224        0.207      0.184      0.374      0.448        0.413
      244   -0.216    0.178   -0.417       10       10       10        0.502      0.096      0.176      0.294        0.256      0.192      0.353      0.589        0.512
      245   -0.122    0.249   -0.105       10       10       10        0.296      0.082      0.170      0.200        0.163      0.164      0.341      0.401        0.327
      246   -0.158    0.125   -0.115       10       10       10        0.232      0.122      0.197      0.186        0.164      0.245      0.394      0.371        0.327
      247   -0.135    0.114   -0.414       10       10       10        0.450      0.138      0.186      0.261        0.248      0.276      0.372      0.523        0.497
      248   -0.193    0.206   -0.330       10       10       10        0.434      0.129      0.159      0.238        0.204      0.258      0.318      0.476        0.408
      249   -0.163    0.014   -0.026       10       10       10        0.166      0.083      0.122      0.209        0.089      0.166      0.244      0.417        0.178
      250    0.016    0.002   -0.083       10       10       10        0.085      0.084      0.131      0.251        0.247      0.168      0.263      0.502        0.494
      251   -0.007    0.022   -0.158       10       10       10        0.159      0.153      0.113      0.288        0.285      0.306      0.226      0.576        0.570
      252    0.085    0.025    0.021       10       10       10        0.091      0.164      0.143      0.274        0.171      0.328      0.286      0.549        0.342
      253   -0.031   -0.158    0.041       10       10       10        0.166      0.151      0.123      0.210        0.131      0.302      0.246      0.421        0.262
      254    0.079   -0.127    0.052       10       10       10        0.158      0.140      0.136      0.137        0.137      0.280      0.272      0.274        0.274
      255    0.007    0.025    0.105       10       10       10        0.108      0.202      0.292      0.138        0.150      0.405      0.585      0.276        0.301
      256   -0.040   -0.109    0.095       10       10       10        0.151      0.273      0.214      0.268        0.241      0.545      0.427      0.535        0.482
      257   -0.130    0.070   -0.132       10       10       10        0.199      0.108      0.143      0.212        0.166      0.216      0.286      0.423        0.331
      258   -0.173    0.130   -0.019       10       10       10        0.217      0.191      0.152      0.153        0.178      0.383      0.304      0.307        0.356
      259   -0.093    0.167   -0.080       10       10       10        0.207      0.173      0.137      0.144        0.146      0.347      0.274      0.288        0.292
      260   -0.021    0.091    0.055       10       10       10        0.109      0.064      0.142      0.093        0.129      0.129      0.285      0.187        0.258
      261   -0.177    0.195    0.073       10       10       10        0.273      0.116      0.182      0.087        0.152      0.232      0.364      0.174        0.303
      262   -0.184    0.257   -0.105       10       10       10        0.333      0.105      0.231      0.098        0.189      0.210      0.461      0.196        0.379
      263   -0.140    0.056   -0.146       10       10       10        0.210      0.065      0.206      0.098        0.098      0.129      0.411      0.196        0.195
      264   -0.040    0.144   -0.009       10       10       10        0.149      0.103      0.184      0.096        0.179      0.207      0.367      0.192        0.358
      265   -0.119    0.273   -0.066       10       10       10        0.305      0.132      0.168      0.087        0.160      0.265      0.335      0.173        0.320
      266   -0.168    0.243   -0.168       10       10       10        0.340      0.093      0.148      0.139        0.134      0.186      0.297      0.277        0.269
      267   -0.168    0.151   -0.082       10       10       10        0.240      0.097      0.169      0.088        0.130      0.194      0.338      0.177        0.259
      268   -0.120    0.352    0.055       10       10       10        0.376      0.097      0.168      0.095        0.161      0.194      0.336      0.190        0.322
      269   -0.139    0.454   -0.119       10       10       10        0.490      0.107      0.231      0.115        0.218      0.214      0.462      0.229        0.437
      270   -0.076    0.463   -0.137       10       10       10        0.489      0.143      0.218      0.160        0.213      0.286      0.437      0.321        0.426
      271   -0.068    0.480    0.094       10       10       10        0.494      0.139      0.232      0.251        0.232      0.278      0.465      0.502        0.463
      272   -0.079    0.682    0.058       10       10       10        0.689      0.163      0.399      0.253        0.395      0.326      0.797      0.505        0.791
      273   -0.442    0.166   -0.387       10       10       10        0.611      0.126      0.353      0.191        0.179      0.252      0.705      0.382        0.359
      274   -0.146   -0.151   -0.358       10       10       10        0.415      0.115      0.260      0.195        0.197      0.230      0.519      0.390        0.394
      275   -0.220   -0.348   -0.746       10       10       10        0.852      0.142      0.331      0.246        0.257      0.283      0.661      0.493        0.514
      276   -0.544   -0.180   -0.660       10       10       10        0.874      0.186      0.324      0.227        0.217      0.372      0.648      0.453        0.434
      277   -0.475   -0.050   -0.571       10       10       10        0.745      0.085      0.226      0.199        0.163      0.170      0.452      0.398        0.325
      278   -0.127   -0.432   -0.582       10       10       10        0.736      0.128      0.131      0.175        0.160      0.256      0.263      0.351        0.320
      279   -0.110   -0.241   -0.235       10       10       10        0.354      0.129      0.118      0.207        0.164      0.257      0.236      0.415        0.328
      280   -0.285   -0.179   -0.265       10       10       10        0.428      0.109      0.136      0.193        0.151      0.219      0.273      0.387        0.302
      281   -0.276   -0.357   -0.415       10       10       10        0.613      0.093      0.100      0.345        0.245      0.186      0.200      0.691        0.489
      282    0.043   -0.549   -0.643       10       10       10        0.847      0.165      0.119      0.363        0.286      0.331      0.238      0.726        0.572
      283    0.020   -0.238   -0.323       10       10       10        0.402      0.139      0.161      0.265        0.234      0.278      0.322      0.530        0.467
      284   -0.193   -0.041   -0.339       10       10       10        0.392      0.258      0.199      0.313        0.300      0.516      0.398      0.627        0.600
      285   -0.222   -0.052   -0.384       10       10       10        0.447      0.139      0.141      0.391        0.343      0.278      0.282      0.782        0.687
      286   -0.012   -0.515    0.045       10       10       10        0.517      0.166      0.124      0.305        0.127      0.331      0.249      0.610        0.254
      287    0.290   -0.432    0.102       10       10       10        0.530      0.193      0.112      0.309        0.151      0.386      0.223      0.619        0.303
      288    0.364   -0.459    0.303       10       10       10        0.659      0.143      0.104      0.266        0.163      0.286      0.208      0.532        0.325
      289    0.506   -0.364    0.372       10       10       10        0.726      0.148      0.111      0.319        0.201      0.295      0.222      0.639        0.403
      290    0.449   -0.314    0.503       10       10       10        0.744      0.318      0.145      0.254        0.265      0.635      0.289      0.509        0.530
      291    0.522   -0.208    0.577       10       10       10        0.805      0.386      0.228      0.294        0.332      0.772      0.457      0.589        0.665
      292    0.660   -0.299    0.535       10       10       10        0.901      0.418      0.187      0.381        0.386      0.836      0.375      0.761        0.771
      293    0.639   -0.280    0.534       10       10       10        0.879      0.269      0.130      0.358        0.296      0.539      0.260      0.716        0.592
      294    0.654   -0.231    0.466       10       10       10        0.836      0.220      0.157      0.286        0.238      0.439      0.313      0.572        0.477
      295    0.680   -0.258    0.661       10       10       10        0.982      0.202      0.195      0.362        0.285      0.404      0.390      0.724        0.570
      296    0.763   -0.240    0.438       10       10       10        0.912      0.173      0.215      0.341        0.226      0.346      0.430      0.683        0.452
      297    0.677   -0.107    0.448       10       10       10        0.819      0.199      0.220      0.321        0.242      0.397      0.439      0.642        0.484
      298    0.703   -0.064    0.449       10       10       10        0.836      0.179      0.241      0.327        0.232      0.359      0.482      0.654        0.464
      299    0.677   -0.089    0.179       10       10       10        0.706      0.208      0.249      0.357        0.222      0.417      0.498      0.714        0.443
      300    0.533    0.078    0.267       10       10       10        0.601      0.196      0.363      0.312        0.227      0.391      0.727      0.625        0.454
      301    0.546    0.364    0.368       10       10       10        0.753      0.286      0.353      0.367        0.323      0.571      0.705      0.734        0.646
      302    0.476    0.245   -0.087       10       10       10        0.542      0.145      0.385      0.348        0.223      0.291      0.771      0.697        0.446
      303    0.140    0.526    0.061       10       10       10        0.548      0.273      0.312      0.322        0.309      0.547      0.623      0.644        0.619
      304    0.009    0.765    0.354       10       10       10        0.843      0.289      0.350      0.312        0.344      0.578      0.701      0.624        0.688
      305   -0.127    0.658   -0.026       10       10       10        0.671      0.226      0.406      0.351        0.401      0.452      0.813      0.702        0.802
      306   -0.560    0.778   -0.563       10       10       10        1.112      0.451      0.398      0.407        0.414      0.901      0.797      0.815        0.829
      307   -0.134    1.043   -0.551       10       10       10        1.187      0.553      0.643      0.434        0.603      1.106      1.285      0.867        1.205
      308   -0.057    1.336   -0.098       10       10       10        1.341      0.435      0.518      0.359        0.517      0.870      1.036      0.718        1.034
      309   -0.219    0.772   -0.194       10       10       10        0.825      0.572      0.502      0.509        0.508      1.145      1.005      1.017        1.016
      310   -0.663    1.207   -0.730       10       10       10        1.559      0.612      0.554      0.664        0.590      1.225      1.107      1.329        1.181
      311   -0.677    2.102   -1.188       10       10       10        2.507      0.636      0.742      0.527        0.692      1.273      1.484      1.053        1.384
      312    0.197    1.578   -0.759       10       10       10        1.762      0.687      0.652      0.758        0.673      1.374      1.304      1.517        1.347
      313    0.457    1.363   -1.629       10       10       10        2.172      0.946      1.123      1.117        1.112      1.891      2.246      2.234        2.225
